#5015
48
S
O
O
O
C
C
C
C
C
C
C
C
C
N
N
C
N
C
C
C
C
C
C
C
C
C
C
C
C
C
C
N
N
C
C
C
N
C
C
C
C
S
C
C
O
O
O
C
53
0 1 2
0 2 2
0 3 1
0 4 1
4 5 2
4 6 1
5 7 1
5 8 1
6 9 2
7 10 2
7 11 1
8 12 2
9 13 1
9 10 1
10 14 1
11 15 2
12 15 1
13 16 2
16 17 1
17 18 2
17 19 1
18 20 1
18 21 1
19 22 2
21 23 2
22 23 1
23 24 1
24 25 2
24 26 1
25 27 1
26 28 2
27 29 1
27 30 2
28 30 1
30 31 1
31 32 2
32 33 1
33 34 2
33 35 1
34 36 1
34 37 1
35 38 2
37 39 2
37 40 1
38 41 1
38 39 1
39 42 1
40 43 2
41 44 2
41 45 2
41 46 1
42 47 2
43 47 1
#7229
48
S
O
O
O
C
C
C
C
C
C
C
C
N
C
N
C
C
C
S
C
C
C
C
O
O
O
C
C
C
N
S
C
N
O
O
O
C
C
C
C
C
C
C
C
S
O
O
O
52
0 1 2
0 2 2
0 3 1
0 4 1
4 5 2
4 6 1
5 7 1
5 8 1
6 9 2
7 10 2
8 11 2
9 12 1
9 11 1
10 13 1
12 14 2
13 15 2
13 16 1
14 17 1
15 18 1
15 19 1
16 20 2
17 21 2
17 22 1
18 23 2
18 24 2
18 25 1
19 26 2
20 26 1
21 27 1
22 28 2
26 29 1
27 30 1
27 31 2
28 31 1
29 32 2
30 33 2
30 34 2
30 35 1
31 36 1
32 37 1
36 38 2
37 39 2
37 40 1
38 41 1
39 42 1
40 43 2
41 42 2
41 43 1
42 44 1
44 45 2
44 46 2
44 47 1
